768 768 108
784 768 108
800 768 108
816 768 108
832 768 108
848 768 108
864 768 108
880 768 108
896 768 108
912 768 108
928 768 108
944 768 108
960 768 108
976 768 108
992 768 108
1008 768 108
1024 768 108
1040 768 108
1056 768 108
1072 768 108
1088 768 108
1104 768 108
1120 768 108
1136 768 108
1152 768 108
1168 768 108
1184 768 108
1200 768 108
1216 768 108
1232 768 108
1248 768 108
1264 768 108
768 784 108
784 784 108
800 784 108
816 784 108
832 784 108
848 784 108
864 784 108
880 784 108
896 784 108
912 784 108
928 784 108
944 784 108
960 784 108
976 784 108
992 784 108
1008 784 108
1024 784 108
1040 784 108
1056 784 108
1072 784 108
1088 784 108
1104 784 108
1120 784 108
1136 784 108
1152 784 108
1168 784 108
1184 784 108
1200 784 108
1216 784 108
1232 784 108
1248 784 108
1264 784 108
768 800 108
784 800 108
800 800 108
816 800 108
832 800 108
848 800 108
864 800 108
880 800 108
896 800 108
912 800 108
928 800 108
944 800 108
960 800 108
976 800 108
992 800 108
1008 800 108
1024 800 108
1040 800 108
1056 800 108
1072 800 108
1088 800 108
1104 800 108
1120 800 108
1136 800 108
1152 800 108
1168 800 108
1184 800 108
1200 800 108
1216 800 108
1232 800 108
1248 800 108
1264 800 108
768 816 108
784 816 108
800 816 108
816 816 108
832 816 108
848 816 108
864 816 108
880 816 108
896 816 108
912 816 108
928 816 108
944 816 108
960 816 108
976 816 108
992 816 108
1008 816 108
1024 816 108
1040 816 108
1056 816 108
1072 816 108
1088 816 108
1104 816 108
1120 816 108
1136 816 108
1152 816 108
1168 816 108
1184 816 108
1200 816 108
1216 816 108
1232 816 108
1248 816 108
1264 816 108
768 832 108
784 832 108
800 832 108
816 832 108
832 832 108
848 832 108
864 832 108
880 832 108
896 832 108
912 832 108
928 832 108
944 832 108
960 832 108
976 832 108
992 832 108
1008 832 108
1024 832 108
1040 832 108
1056 832 108
1072 832 108
1088 832 108
1104 832 108
1120 832 108
1136 832 108
1152 832 108
1168 832 108
1184 832 108
1200 832 108
1216 832 108
1232 832 108
1248 832 108
1264 832 108
768 848 108
784 848 108
800 848 108
816 848 108
832 848 108
848 848 108
864 848 108
880 848 108
896 848 108
912 848 108
928 848 108
944 848 108
960 848 108
976 848 108
992 848 108
1008 848 108
1024 848 108
1040 848 108
1056 848 108
1072 848 108
1088 848 108
1104 848 108
1120 848 108
1136 848 108
1152 848 108
1168 848 108
1184 848 108
1200 848 108
1216 848 108
1232 848 108
1248 848 108
1264 848 108
768 864 108
784 864 108
800 864 108
816 864 108
832 864 108
848 864 108
864 864 108
880 864 108
896 864 108
912 864 108
928 864 108
944 864 108
960 864 108
976 864 108
992 864 108
1008 864 108
1024 864 108
1040 864 108
1056 864 108
1072 864 108
1088 864 108
1104 864 108
1120 864 108
1136 864 108
1152 864 108
1168 864 108
1184 864 108
1200 864 108
1216 864 108
1232 864 108
1248 864 108
1264 864 108
768 880 108
784 880 108
800 880 108
816 880 108
832 880 108
848 880 108
864 880 108
880 880 108
896 880 108
912 880 108
928 880 108
944 880 108
960 880 108
976 880 108
992 880 108
1008 880 108
1024 880 108
1040 880 108
1056 880 108
1072 880 108
1088 880 108
1104 880 108
1120 880 108
1136 880 108
1152 880 108
1168 880 108
1184 880 108
1200 880 108
1216 880 108
1232 880 108
1248 880 108
1264 880 108
768 896 108
784 896 108
800 896 108
816 896 108
832 896 108
848 896 108
864 896 108
880 896 108
896 896 108
912 896 108
928 896 108
944 896 108
960 896 108
976 896 108
992 896 108
1008 896 108
1024 896 108
1040 896 108
1056 896 108
1072 896 108
1088 896 108
1104 896 108
1120 896 108
1136 896 108
1152 896 108
1168 896 108
1184 896 108
1200 896 108
1216 896 108
1232 896 108
1248 896 108
1264 896 108
768 912 108
784 912 108
800 912 108
816 912 108
832 912 108
848 912 108
864 912 108
880 912 108
896 912 108
912 912 108
928 912 108
944 912 108
960 912 108
976 912 108
992 912 108
1008 912 108
1024 912 108
1040 912 108
1056 912 108
1072 912 108
1088 912 108
1104 912 108
1120 912 108
1136 912 108
1152 912 108
1168 912 108
1184 912 108
1200 912 108
1216 912 108
1232 912 108
1248 912 108
1264 912 108
768 928 108
784 928 108
800 928 108
816 928 108
832 928 108
848 928 108
864 928 108
880 928 108
896 928 108
912 928 108
928 928 108
944 928 108
960 928 108
976 928 108
992 928 108
1008 928 108
1024 928 108
1040 928 108
1056 928 108
1072 928 108
1088 928 108
1104 928 108
1120 928 108
1136 928 108
1152 928 108
1168 928 108
1184 928 108
1200 928 108
1216 928 108
1232 928 108
1248 928 108
1264 928 108
768 944 108
784 944 108
800 944 108
816 944 108
832 944 108
848 944 108
864 944 108
880 944 108
896 944 108
912 944 108
928 944 108
944 944 108
960 944 108
976 944 108
992 944 108
1008 944 108
1024 944 108
1040 944 108
1056 944 108
1072 944 108
1088 944 108
1104 944 108
1120 944 108
1136 944 108
1152 944 108
1168 944 108
1184 944 108
1200 944 108
1216 944 108
1232 944 108
1248 944 108
1264 944 108
768 960 108
784 960 108
800 960 108
816 960 108
832 960 108
848 960 108
864 960 108
880 960 108
896 960 108
912 960 108
928 960 108
944 960 108
960 960 108
976 960 108
992 960 108
1008 960 108
1024 960 108
1040 960 108
1056 960 108
1072 960 108
1088 960 108
1104 960 108
1120 960 108
1136 960 108
1152 960 108
1168 960 108
1184 960 108
1200 960 108
1216 960 108
1232 960 108
1248 960 108
1264 960 108
768 976 108
784 976 108
800 976 108
816 976 108
832 976 108
848 976 108
864 976 108
880 976 108
896 976 108
912 976 108
928 976 108
944 976 108
960 976 108
976 976 108
992 976 108
1008 976 108
1024 976 108
1040 976 108
1056 976 108
1072 976 108
1088 976 108
1104 976 108
1120 976 108
1136 976 108
1152 976 108
1168 976 108
1184 976 108
1200 976 108
1216 976 108
1232 976 108
1248 976 108
1264 976 108
768 992 108
784 992 108
800 992 108
816 992 108
832 992 108
848 992 108
864 992 108
880 992 108
896 992 108
912 992 108
928 992 108
944 992 108
960 992 108
976 992 108
992 992 108
1008 992 108
1024 992 108
1040 992 108
1056 992 108
1072 992 108
1088 992 108
1104 992 108
1120 992 108
1136 992 108
1152 992 108
1168 992 108
1184 992 108
1200 992 108
1216 992 108
1232 992 108
1248 992 108
1264 992 108
768 1008 108
784 1008 108
800 1008 108
816 1008 108
832 1008 108
848 1008 108
864 1008 108
880 1008 108
896 1008 108
912 1008 108
928 1008 108
944 1008 108
960 1008 108
976 1008 108
992 1008 108
1008 1008 108
1024 1008 108
1040 1008 108
1056 1008 108
1072 1008 108
1088 1008 108
1104 1008 108
1120 1008 108
1136 1008 108
1152 1008 108
1168 1008 108
1184 1008 108
1200 1008 108
1216 1008 108
1232 1008 108
1248 1008 108
1264 1008 108
768 1024 108
784 1024 108
800 1024 108
816 1024 108
832 1024 108
848 1024 108
864 1024 108
880 1024 108
896 1024 108
912 1024 108
928 1024 108
944 1024 108
960 1024 108
976 1024 108
992 1024 108
1008 1024 108
1024 1024 108
1040 1024 108
1056 1024 108
1072 1024 108
1088 1024 108
1104 1024 108
1120 1024 108
1136 1024 108
1152 1024 108
1168 1024 108
1184 1024 108
1200 1024 108
1216 1024 108
1232 1024 108
1248 1024 108
1264 1024 108
768 1040 108
784 1040 108
800 1040 108
816 1040 108
832 1040 108
848 1040 108
864 1040 108
880 1040 108
896 1040 108
912 1040 108
928 1040 108
944 1040 108
960 1040 108
976 1040 108
992 1040 108
1008 1040 108
1024 1040 108
1040 1040 108
1056 1040 108
1072 1040 108
1088 1040 108
1104 1040 108
1120 1040 108
1136 1040 108
1152 1040 108
1168 1040 108
1184 1040 108
1200 1040 108
1216 1040 108
1232 1040 108
1248 1040 108
1264 1040 108
768 1056 108
784 1056 108
800 1056 108
816 1056 108
832 1056 108
848 1056 108
864 1056 108
880 1056 108
896 1056 108
912 1056 108
928 1056 108
944 1056 108
960 1056 108
976 1056 108
992 1056 108
1008 1056 108
1024 1056 108
1040 1056 108
1056 1056 108
1072 1056 108
1088 1056 108
1104 1056 108
1120 1056 108
1136 1056 108
1152 1056 108
1168 1056 108
1184 1056 108
1200 1056 108
1216 1056 108
1232 1056 108
1248 1056 108
1264 1056 108
768 1072 108
784 1072 108
800 1072 108
816 1072 108
832 1072 108
848 1072 108
864 1072 108
880 1072 108
896 1072 108
912 1072 108
928 1072 108
944 1072 108
960 1072 108
976 1072 108
992 1072 108
1008 1072 108
1024 1072 108
1040 1072 108
1056 1072 108
1072 1072 108
1088 1072 108
1104 1072 108
1120 1072 108
1136 1072 108
1152 1072 108
1168 1072 108
1184 1072 108
1200 1072 108
1216 1072 108
1232 1072 108
1248 1072 108
1264 1072 108
768 1088 108
784 1088 108
800 1088 108
816 1088 108
832 1088 108
848 1088 108
864 1088 108
880 1088 108
896 1088 108
912 1088 108
928 1088 108
944 1088 108
960 1088 108
976 1088 108
992 1088 108
1008 1088 108
1024 1088 108
1040 1088 108
1056 1088 108
1072 1088 108
1088 1088 108
1104 1088 108
1120 1088 108
1136 1088 108
1152 1088 108
1168 1088 108
1184 1088 108
1200 1088 108
1216 1088 108
1232 1088 108
1248 1088 108
1264 1088 108
768 1104 108
784 1104 108
800 1104 108
816 1104 108
832 1104 108
848 1104 108
864 1104 108
880 1104 108
896 1104 108
912 1104 108
928 1104 108
944 1104 108
960 1104 108
976 1104 108
992 1104 108
1008 1104 108
1024 1104 108
1040 1104 108
1056 1104 108
1072 1104 108
1088 1104 108
1104 1104 108
1120 1104 108
1136 1104 108
1152 1104 108
1168 1104 108
1184 1104 108
1200 1104 108
1216 1104 108
1232 1104 108
1248 1104 108
1264 1104 108
768 1120 108
784 1120 108
800 1120 108
816 1120 108
832 1120 108
848 1120 108
864 1120 108
880 1120 108
896 1120 108
912 1120 108
928 1120 108
944 1120 108
960 1120 108
976 1120 108
992 1120 108
1008 1120 108
1024 1120 108
1040 1120 108
1056 1120 108
1072 1120 108
1088 1120 108
1104 1120 108
1120 1120 108
1136 1120 108
1152 1120 108
1168 1120 108
1184 1120 108
1200 1120 108
1216 1120 108
1232 1120 108
1248 1120 108
1264 1120 108
768 1136 108
784 1136 108
800 1136 108
816 1136 108
832 1136 108
848 1136 108
864 1136 108
880 1136 108
896 1136 108
912 1136 108
928 1136 108
944 1136 108
960 1136 108
976 1136 108
992 1136 108
1008 1136 108
1024 1136 108
1040 1136 108
1056 1136 108
1072 1136 108
1088 1136 108
1104 1136 108
1120 1136 108
1136 1136 108
1152 1136 108
1168 1136 108
1184 1136 108
1200 1136 108
1216 1136 108
1232 1136 108
1248 1136 108
1264 1136 108
768 1152 108
784 1152 108
800 1152 108
816 1152 108
832 1152 108
848 1152 108
864 1152 108
880 1152 108
896 1152 108
912 1152 108
928 1152 108
944 1152 108
960 1152 108
976 1152 108
992 1152 108
1008 1152 108
1024 1152 108
1040 1152 108
1056 1152 108
1072 1152 108
1088 1152 108
1104 1152 108
1120 1152 108
1136 1152 108
1152 1152 108
1168 1152 108
1184 1152 108
1200 1152 108
1216 1152 108
1232 1152 108
1248 1152 108
1264 1152 108
768 1168 108
784 1168 108
800 1168 108
816 1168 108
832 1168 108
848 1168 108
864 1168 108
880 1168 108
896 1168 108
912 1168 108
928 1168 108
944 1168 108
960 1168 108
976 1168 108
992 1168 108
1008 1168 108
1024 1168 108
1040 1168 108
1056 1168 108
1072 1168 108
1088 1168 108
1104 1168 108
1120 1168 108
1136 1168 108
1152 1168 108
1168 1168 108
1184 1168 108
1200 1168 108
1216 1168 108
1232 1168 108
1248 1168 108
1264 1168 108
768 1184 108
784 1184 108
800 1184 108
816 1184 108
832 1184 108
848 1184 108
864 1184 108
880 1184 108
896 1184 108
912 1184 108
928 1184 108
944 1184 108
960 1184 108
976 1184 108
992 1184 108
1008 1184 108
1024 1184 108
1040 1184 108
1056 1184 108
1072 1184 108
1088 1184 108
1104 1184 108
1120 1184 108
1136 1184 108
1152 1184 108
1168 1184 108
1184 1184 108
1200 1184 108
1216 1184 108
1232 1184 108
1248 1184 108
1264 1184 108
768 1200 108
784 1200 108
800 1200 108
816 1200 108
832 1200 108
848 1200 108
864 1200 108
880 1200 108
896 1200 108
912 1200 108
928 1200 108
944 1200 108
960 1200 108
976 1200 108
992 1200 108
1008 1200 108
1024 1200 108
1040 1200 108
1056 1200 108
1072 1200 108
1088 1200 108
1104 1200 108
1120 1200 108
1136 1200 108
1152 1200 108
1168 1200 108
1184 1200 108
1200 1200 108
1216 1200 108
1232 1200 108
1248 1200 108
1264 1200 108
768 1216 108
784 1216 108
800 1216 108
816 1216 108
832 1216 108
848 1216 108
864 1216 108
880 1216 108
896 1216 108
912 1216 108
928 1216 108
944 1216 108
960 1216 108
976 1216 108
992 1216 108
1008 1216 108
1024 1216 108
1040 1216 108
1056 1216 108
1072 1216 108
1088 1216 108
1104 1216 108
1120 1216 108
1136 1216 108
1152 1216 108
1168 1216 108
1184 1216 108
1200 1216 108
1216 1216 108
1232 1216 108
1248 1216 108
1264 1216 108
768 1232 108
784 1232 108
800 1232 108
816 1232 108
832 1232 108
848 1232 108
864 1232 108
880 1232 108
896 1232 108
912 1232 108
928 1232 108
944 1232 108
960 1232 108
976 1232 108
992 1232 108
1008 1232 108
1024 1232 108
1040 1232 108
1056 1232 108
1072 1232 108
1088 1232 108
1104 1232 108
1120 1232 108
1136 1232 108
1152 1232 108
1168 1232 108
1184 1232 108
1200 1232 108
1216 1232 108
1232 1232 108
1248 1232 108
1264 1232 108
768 1248 108
784 1248 108
800 1248 108
816 1248 108
832 1248 108
848 1248 108
864 1248 108
880 1248 108
896 1248 108
912 1248 108
928 1248 108
944 1248 108
960 1248 108
976 1248 108
992 1248 108
1008 1248 108
1024 1248 108
1040 1248 108
1056 1248 108
1072 1248 108
1088 1248 108
1104 1248 108
1120 1248 108
1136 1248 108
1152 1248 108
1168 1248 108
1184 1248 108
1200 1248 108
1216 1248 108
1232 1248 108
1248 1248 108
1264 1248 108
768 1264 108
784 1264 108
800 1264 108
816 1264 108
832 1264 108
848 1264 108
864 1264 108
880 1264 108
896 1264 108
912 1264 108
928 1264 108
944 1264 108
960 1264 108
976 1264 108
992 1264 108
1008 1264 108
1024 1264 108
1040 1264 108
1056 1264 108
1072 1264 108
1088 1264 108
1104 1264 108
1120 1264 108
1136 1264 108
1152 1264 108
1168 1264 108
1184 1264 108
1200 1264 108
1216 1264 108
1232 1264 108
1248 1264 108
1264 1264 108
